01 02 03 04 05 06
01 02 07 08 09 10
01 02 11 12 13 14
03 04 07 08 11 12
03 04 09 10 13 14
05 06 07 08 13 14
05 06 09 10 11 12
15 16 17 18 19 20
15 16 21 22 23 24
15 16 25 26 27 28
17 18 21 22 25 26
17 18 23 24 27 28
19 20 21 22 27 28
19 20 23 24 25 26
29 30 31 32 33 34
29 30 35 36 37 38
29 30 39 40 41 42
31 32 35 36 39 40
31 32 37 38 41 42
33 34 35 36 41 42
33 34 37 38 39 40
43 44 45 46 47 48
43 44 49 50 51 52
43 44 53 54 55 56
45 46 49 50 53 54
45 46 51 52 55 56
47 48 49 50 55 56
47 48 51 52 53 54
57 58 59 64 65 66
57 60 61 64 67 68
57 62 63 64 69 70
58 60 62 65 67 69
58 61 63 65 68 70
59 60 63 66 67 70
59 61 62 66 68 69
